1 1 5	
1 2 3	
1 3 4	
1 4 3	
1 5 3	
1 6 5	
1 7 4	
1 8 1	
1 105	
1 143	
2 1 4	
2 3 2	
2 4 4	
2 5 3	
2 124	
2 295	
2 314	
2 375	
2 474	
2 495	
3 1 4	
3 2 2	
3 6 4	
3 7 2	
3 8 3	
3 273	
3 282	
3 292	
3 393	
3 402	
4 2 4	
4 4 3	
4 7 5	
4 104	
4 135	
4 195	
4 245	
4 275	
4 283	
4 325	
5 3 3	
5 4 4	
5 5 3	
5 9 4	
5 144	
5 165	
5 254	
5 284	
5 341	
5 661	
6 1 4	
6 7 2	
6 8 4	
6 9 4	
6 124	
6 132	
6 153	
6 194	
6 213	
6 223	
7 4 5	
7 7 5	
7 8 5	
7 9 5	
7 104	
7 113	
7 125	
7 225	
7 233	
7 253	
8 7 3	
8 113	
8 155	
8 165	
8 225	
8 263	
8 275	
8 345	
8 375	
8 475	
9 7 4	
9 505	
9 2 5	
9 5 4	
9 6 4	
9 9 4	
9 115	
9 155	
9 224	
9 235	
101 4	
104 4	
109 4	
10114	
10125	
10133	
10225	
10235	
10324	
10334	